000268
000313
000335
000368
000406
000448
000467
000505
000535
000576
000606
000638
000669
000709
000735
000767
000803
000845
000867
000903
000935
000974
001003
001035
001067
001108
001135
001167
001202
001242
001267
001303
001335
001374
001403
001435
001467
001508
001535
001567
001603
001643
001667
001703
001735
001775
001803
001835
001867
001908
001935
001967
002003
002042
002067
002103
002135
002174
002203
002235
002266
002308
002335
002367
002403
002442
002467
002503
002535
002574
002605
002635
002667
002708
002735
002767
002803
002842
002867
002903
002935
002975
003003
003035
003067
003108
003135
003167
003203
003242
003267
003303
003335
003375
003403
003435
003467
003508
003535
003566
003603
003642
003667
003703
003735
003774
003803
003835
003866
003908
003935
003967
004003
004042
004067
004102
004135
004175
004203
004235
004267
004308
004335
004367
004403
004442
004467
004502
004535
004575
004603
004635
004667
004708
004735
004767
004803
004843
004867
004903
004935
004975
005003
005035
005067
005109
005135
005167
005203
005248
005267
005303
005335
005375
005403
005435
005467
005508
005535
005567
005603
005642
005667
005703
005735
005774
005803
005835
005867
005908
005935
005967
006003
006044
006067
006103
006135
006175
006203
006235
006267
006309
006335
006367
006403
006444
006467
006503
006535
006574
006603
006634
006667
006709
006734
006766
006802
006842
006866
006903
006935
006974
007002
007035
007067
007108
007134
007167
007203
007245
007267
007303
007335
007374
007403
007435
007467
007508
007535
007567
007603
007642
007667
007703
007735
007774
007803
007836
007868
007911
007937
007970
008004
008045
008067
008103
008135
008174
008203
008235
008266
008308
008335
008367
008403
008444
008467
008503
008535
008574
008602
008635
008667
008709
008735
008767
008803
008843
008867
008903
008934
008974
009003
009035
009067
009108
009135
009167
009202
009242
009267
009303
009335
009374
009402
009435
009466
009508
009535
009566
009603
009643
009667
009702
009735
009774
009802
009835
009866
009908
009935
009967
010003
010042
010067
010103
010135
010174
010203
010235
010266
010308
010334
010367
010402
010442
010467
010503
010535
010574
010603
010635
010667
010708
010735
010767
010802
010841
010867
010902
010934
010974
011003
011035
011067
011108
011135
011167
011203
011242
011266
011303
011335
011375
011403
011435
011467
011508
011535
011567
011602
011642
011667
011703
011735
011774
011802
011835
011867
011909
011935
011967
011998
012038
012066
012103
012135
012174
012198
012230
012266
012308
012334
012366
012403
012442
012466
012502
012535
012574
012603
012635
012667
012709
012735
012767
012803
012842
012867
012903
012935
012974
013003
013035
013066
013108
013135
013166
013202
013242
013267
013303
013335
013375
013403
013435
013467
013509
013534
013567
013603
013644
013667
013703
013735
013774
013803
013835
013867
013908
013935
013967
014002
014042
014067
014102
014135
014174
014202
014235
014266
014308
014335
014367
014398
014438
014466
014503
014534
014574
014598
014634
014666
014708
014734
014767
014802
014843
014866
014898
014931
014970
014998
015035
015067
015108
015135
015167
015203
015242
015267
015303
015335
015374
015403
015435
015467
015509
015535
015566
015602
015642
015667
015703
015735
015774
015802
015834
015866
015908
015935
015966
016002
016042
016066
016102
016135
016174
016203
016235
016267
016308
016335
016367
016402
016442
016467
016502
016535
016574
016603
016635
016667
016708
016735
016766
016802
016842
016866
016903
016935
016974
017003
017035
017066
017108
017135
017167
017202
017242
017267
017302
017334
017374
017403
017434
017466
017509
017535
017567
017603
017644
017667
017702
017734
017774
017803
017836
017867
017908
017936
017969
018003
018044
018067
018102
018135
018174
018203
018234
018267
018308
018334
018367
018403
018443
018467
018503
018535
018575
018603
018634
018666
018708
018734
018766
018802
018842
018866
018903
018935
018974
019003
019035
019066
019108
019135
019167
019202
019242
019267
019302
019335
019375
019403
019434
019467
019508
019535
019566
019602
019643
019666
019702
019735
019775
019803
019835
019867
019908
019935
019971
020002
020042
020066
020102
020134
020174
020202
020234
020266
020308
020335
020367
020403
020444
020466
020503
020534
020574
020598
020631
020666
020708
020734
020766
020802
020842
020866
020902
020935
020974
021002
021034
021067
021108
021135
021166
021203
021242
021266
021302
021334
021374
021402
021435
021467
021508
021534
021567
021602
021643
021666
021703
021735
021775
021803
021834
021870
021912
021936
021971
022002
022043
022070
022102
022135
022174
022203
022234
022270
022312
022335
022370
022402
022443
022470
022502
022535
022574
022602
022634
022666
022708
022734
022766
022802
022842
022866
022902
022935
022974
023002
023035
023066
023108
023134
023166
023203
023245
023266
023302
023335
023375
023402
023435
023466
023508
023534
023566
023602
023642
023666
023703
023734
023775
023803
023834
023866
023908
023935
023970
024002
024042
024067
024103
024134
024175
024203
024234
024270
024312
024335
024371
024402
024442
024467
024503
024535
024574
024603
024635
024666
024709
024734
024771
024802
024842
024866
024902
024934
024974
024998
025034
025066
025104
025134
025167
025202
025242
025266
025302
025334
025374
025403
025435
025466
025509
025534
025570
025603
025642
025666
025703
025735
025774
025802
025835
025866
025908
025935
025970
026002
026042
026066
026102
026135
026175
026202
026234
026270
026312
026335
026371
026402
026442
026470
026502
026535
026575
026603
026634
026670
026712
026735
026770
026802
026842
026871
026902
026935
026975
027002
027035
027070
027113
027135
027170
027202
027243
027271
027302
027335
027375
027403
027435
027470
027512
027535
027570
027602
027640
027671
027702
027735
027774
027802
027834
027872
027912
027935
027971
028002
028043
028071
028102
028135
028175
028203
028235
028270
028312
028335
028370
028402
028442
028470
028502
028535
028575
028602
028635
028671
028713
028734
028770
028802
028843
028870
028903
028935
028975
029002
029035
029092
029132
029137
029170
029202
029242
029271
029302
029335
029374
029403
029435
029470
029512
029534
029570
029602
029642
029670
029703
029735
029774
029802
029834
029870
029913
029935
029970
030002
030043
030071
030102
030134
030174
030203
030235
030271
030312
030334
030370
030403
030443
030470
030502
030534
030574
030602
030635
030670
030713
030734
030771
030803
030842
030870
030902
030935
030974
031002
031035
031070
031112
031134
031170
031202
031242
031270
031302
031335
031375
031403
031438
031470
031513
031539
031570
031602
031643
031671
031703
031739
031779
031802
031839
031870
031912
031938
031970
032002
032042
032071
032102
032135
032174
032203
032238
032271
032312
032334
032371
032403
032442
032470
032503
032535
032575
032603
032635
032670
032712
032735
032770
032802
032842
032870
032902
032935
032975
033002
033035
033071
033112
033135
033170
033202
033242
033270
033302
033334
033374
033402
033434
033470
033513
033535
033570
033602
033643
033671
033703
033734
033774
033802
033834
033870
033912
033935
033970
034002
034113
034158
034163
034168
034209
034213
034235
034271
034312
034335
034371
034402
034443
034470
034502
034535
034574
034602
034635
034671
034712
034735
034771
034802
034842
034870
034902
034935
034975
035003
035035
035070
035112
035134
035170
035202
035242
035270
035302
035334
035373
035402
035435
035471
035513
035535
035570
035602
035642
035670
035702
035735
035774
035802
035835
035870
035912
035935
035970
036002
036040
036070
036102
036135
036174
036202
036234
036270
036312
036334
036370
036403
036443
036470
036503
036534
036574
036602
036634
036671
036712
036734
036771
036803
036843
036871
036902
036934
036974
037002
037035
037070
037112
037135
037170
037202
037240
037271
037302
037335
037374
037403
037435
037471
037513
037535
037691
037696
037735
037740
037745
037770
037813
037839
037872
037905
037946
037972
038005
038039
038078
038103
038138
038170
038214
038238
038270
038302
038343
038370
038402
038438
038478
038502
038538
038570
038613
038639
038670
038702
038743
038770
038802
038838
038879
038903
038938
038970
039012
039038
039070
039102
039149
039170
039202
039238
039278
039302
039334
039370
039412
039438
039470
039502
039542
039570
039603
039634
039674
039702
039734
039770
039812
039835
039870
039902
039943
039970
040002
040034
040074
040102
040135
040170
040209
040235
040270
040302
040342
040370
040402
040435
040474
040502
040535
040570
040613
040634
040670
040702
040743
040770
040802
040835
040874
040902
040935
040970
041009
041034
041070
041102
041142
041170
041202
041234
041273
041302
041334
041370
041412
041434
041470
041502
041543
041571
041602
041634
041674
041702
041734
041770
041812
041835
041870
041902
041942
041970
042002
042035
042074
042102
042134
042170
042208
042235
042270
042302
042340
042370
042402
042434
042475
042502
042534
042570
042608
042634
042670
042702
042743
042770
042802
042834
042875
042902
042934
042970
043013
043034
043070
043102
043143
043170
043202
043234
043274
043302
043334
043370
043408
043434
043470
043502
043543
043570
043602
043634
043674
043703
043735
043770
043808
043834
043870
043902
043943
043970
044002
044034
044072
044102
044134
044170
044212
044234
044270
044302
044343
044370
044402
044434
044474
044502
044534
044570
044608
044634
044670
044702
044741
044770
044802
044834
044875
044902
044934
044971
045015
045034
045070
045102
045142
045170
045202
045234
045275
045302
045334
045370
045412
045434
045470
045502
045542
045570
045602
045634
045674
045702
045734
045770
045813
045835
045870
045902
045942
045971
046002
046034
046074
046102
046134
046170
046208
046235
046270
046302
046342
046370
046402
046434
046474
046502
046534
046570
046608
046634
046670
046702
046741
046770
046802
046834
046875
046902
046935
046970
047012
047034
047070
047102
047143
047170
047202
047235
047275
047302
047334
047370
047412
047434
047470
047502
047542
047570
047602
047634
047672
047702
047734
047770
047813
047837
047873
047903
047947
047971
048003
048036
048076
048102
048134
048170
048208
048234
048270
048302
048340
048370
048402
048434
048475
048502
048534
048570
048608
048634
048670
048702
048740
048770
048802
048835
048875
048902
048935
048970
049008
049034
049070
049102
049143
049170
049202
049234
049275
049302
049334
049370
049409
049434
049470
049502
049540
049570
049602
049634
049672
049702
049734
049770
049812
049834
049866
049902
049940
049970
050002
050034
050072
050102
050134
050169
050209
050234
050265
050301
050340
050370
050402
050434
050474
050502
050534
050570
050609
050635
050670
050702
050740
050770
050802
050834
050874
050902
050934
050970
051013
051034
051070
051102
051140
051170
051202
051235
051274
051302
051334
051370
051408
051438
051470
051502
051542
051570
051602
051634
051674
051698
051734
051766
051804
051834
051870
051902
051940
051970
052002
052034
052072
052102
052134
052170
052208
052234
052270
052302
052340
052370
052402
052434
052475
052502
052534
052570
052608
052634
052670
052702
052743
052770
052802
052834
052874
052902
052935
052970
053008
053035
053070
053102
053143
053170
053202
053234
053272
053302
053334
053370
053412
053434
053470
053502
053543
053570
053602
053634
053675
053702
053734
053770
053812
053834
053870
053902
053940
053970
054002
054034
054072
054102
054270
054274
054312
054317
054321
054334
054373
054402
054434
054470
054508
054534
054570
054602
054640
054670
054702
054734
054772
054802
054834
054870
054908
054934
054970
055002
055040
055070
055102
055134
055174
055202
055234
055270
055308
055334
055370
055402
055440
055470
055502
055534
055572
055602
055634
055670
055712
055734
055770
055802
055840
055870
055902
055934
055973
056002
056034
056070
056108
056134
056170
056202
056242
056270
056302
056334
056372
056402
056434
056470
056508
056534
056570
056602
056640
056670
056702
056734
056772
056802
056834
056870
056912
056934
056970
057002
057040
057070
057102
057134
057172
057202
057234
057270
057308
057334
057370
057402
057442
057470
057502
057534
057575
057602
057634
057670
057709
057734
057770
057802
057843
057871
057903
057934
057975
058003
058036
058070
058108
058134
058170
058202
058241
058270
058302
058334
058373
058402
058434
058466
058504
058534
058565
058602
058641
058666
058702
058734
058772
058802
058834
058866
058904
058934
058966
059002
059042
059066
059102
059380
059534
059539
059543
059547
059587
059602
059831
059835
059874
059879
059883
059902
059940
059970
060002
060034
060072
060102
060134
060170
060208
060234
060270
060302
060340
060370
060402
060434
060474
060502
060534
060570
060613
060634
060670
060702
060740
060770
060802
060834
060872
060902
060934
060965
061003
061034
061066
061097
061136
061166
061202
061234
061274
061302
061334
061370
061408
061434
061469
061502
061540
061570
061602
061634
061672
061702
061734
061770
061808
061834
061869
061902
061940
061970
062002
062034
062072
062102
062134
062170
062212
062234
062270
062302
062340
062370
062402
062434
062472
062502
062534
062570
062608
062634
062670
062702
062740
062770
062802
062834
062872
062902
062934
062970
063008
063034
063070
063102
063140
063170
063202
063234
063272
063302
063334
063370
063413
063434
063470
063502
063540
063570
063602
063638
063677
063702
063734
063770
063808
063838
063870
063902
063940
063970
064002
064034
064074
064102
064134
064170
064209
064234
064270
064302
064341
064370
064402
064577
064721
064726
064730
064735
064775
064779
064802
064834
064873
064902
064934
064970
065008
065034
065069
065102
065140
065169
065201
065234
065272
065301
065334
065370
065412
065434
065470
065502
065540
065570
065602
065634
065672
065702
065734
065770
065808
065834
065870
065901
065941
065970
066002
066034
066074
066102
066134
066169
066209
066235
066269
066302
066340
066369
066402
066434
066472
066502
066534
066570
066612
066634
066670
066701
066741
066770
066802
066834
066872
066902
066934
066970
067012
067034
067070
067101
067141
067170
067202
067235
067274
067302
067334
067370
067408
067434
067470
067502
067540
067570
067602
067634
067674
067702
067734
067769
067808
067833
067869
067901
067940
068196
068201
068205
068245
068250
068269
068302
068340
068370
068402
068434
068472
068502
068534
068570
068612
068634
068670
068702
068740
068769
068802
068838
068876
068902
068934
068970
069008
069034
069070
069102
069140
069169
069201
069234
069272
069301
069334
069369
069408
069434
069470
069501
069541
069569
069601
069634
069672
069702
069734
069769
069808
069834
069865
069897
069936
069966
069998
070034
070072
070102
070134
070170
070212
070234
070269
070302
070340
070370
070402
070434
070472
070502
070534
070570
070608
070634
070670
070702
070740
070770
070802
070834
070872
070902
070934
070970
071008
071034
071070
071102
071140
071170
071202
071234
071274
071302
071334
071370
071408
071434
071465
071500
071541
071565
071602
071634
071672
071702
071733
071770
071808
071834
071870
071902
071940
071970
072002
072034
072075
072102
072134
072170
072213
072234
072269
072301
072341
072370
072402
072434
072475
072501
072533
072569
072609
072634
072665
072697
072736
072765
072801
072834
072872
072902
072934
072970
073008
073034
073070
073101
073140
073169
073202
073234
073272
073302
073334
073370
073408
073434
073469
073501
073540
073570
073601
073634
073674
073702
073734
073769
073808
073834
073869
073902
073940
073970
074002
074038
074076
074101
074138
074169
074208
074238
074270
074302
074340
074370
074401
074438
074476
074502
074538
074569
074608
074638
074670
074701
074740
074770
074801
074834
074872
074901
074934
074965
075005
075034
075066
075101
075140
075165
075201
075234
075274
075301
075334
075365
075404
075434
075465
075501
075540
075569
075601
075634
075671
075701
075734
075765
075804
075834
075865
075901
075940
075965
076001
076034
076074
076101
076133
076165
076204
076233
076265
076301
076340
076365
076397
076433
076472
076501
076533
076569
076609
076633
076670
076701
076740
076770
076802
076834
076872
076902
076933
076969
077009
077038
077070
077102
077141
077169
077201
077238
077277
077302
077337
077369
077408
077437
077469
077501
077540
077570
077601
077637
077676
077701
077737
077770
077812
077837
077869
077901
077940
077969
078003
078034
078073
078102
078134
078170
078209
078234
078270
078301
078340
078369
078402
078434
078475
078501
078534
078569
078608
078633
078669
078701
078741
078770
078801
078834
078872
078901
078934
078969
079009
079034
079069
079101
079140
079169
079201
079233
079272
079302
079334
079370
079408
079434
079469
079501
079541
079569
079602
079637
079676
079702
079734
079770
079808
079838
079869
079901
079940
079969
080001
080037
