000270
000311
000336
000368
000399
000441
000467
000503
000535
000576
000599
000635
000667
000707
000735
000767
000799
000839
000867
000903
000935
000975
000999
001035
001067
001108
001135
001167
001199
001239
001267
001303
001335
001374
001399
001435
001467
001505
001535
001567
001599
001639
001667
001703
001736
001775
001799
001835
001867
001905
001935
001967
001999
002039
002067
002103
002135
002175
002199
002235
002267
002305
002335
002367
002399
002439
002467
002503
002535
002575
002599
002635
002667
002707
002735
002767
002799
002839
002867
002903
002935
002975
002999
003035
003067
003105
003135
003167
003199
003239
003267
003303
003335
003376
003399
003435
003467
003505
003535
003567
003599
003639
003667
003703
003735
003775
003803
003835
003867
003905
003935
003967
004003
004041
004067
004103
004135
004176
004203
004235
004267
004305
004335
004367
004399
004439
004467
004503
004535
004575
004599
004635
004669
004710
004738
004771
004802
004843
004869
004903
004935
004975
004999
005035
005067
005108
005135
005167
005199
005239
005267
005303
005335
005375
005403
005434
005467
005508
005535
005567
005599
005639
005667
005703
005735
005775
005799
005835
005867
005905
005935
005967
005999
006039
006067
006103
006135
006175
006199
006235
006267
006307
006335
006367
006399
006439
006467
006503
006535
006575
006603
006635
006667
006708
006735
006767
006803
006841
006867
006903
006935
006975
007003
007035
007067
007107
007135
007167
007203
007243
007267
007303
007335
007376
007403
007435
007467
007505
007535
007567
007603
007643
007667
007703
007735
007775
007799
007835
007867
007905
007935
007967
007999
008040
008067
008099
008135
008175
008199
008235
008267
008305
008335
008367
008399
008440
008467
008498
008530
008571
008598
008631
008667
008705
008735
008767
008799
008839
008867
008899
008935
008975
008999
009035
009067
009105
009135
009167
009199
009239
009267
009299
009335
009375
009398
009435
009466
009506
009535
009566
009599
009639
009667
009699
009735
009775
009799
009835
009867
009906
009935
009967
009999
010039
010067
010099
010135
010175
010199
010235
010267
010305
010335
010367
010399
010440
010467
010499
010535
010575
010599
010635
010667
010705
010735
010767
010799
010839
010866
010899
010935
010975
010999
011035
011067
011105
011135
011167
011199
011239
011266
011299
011334
011375
011399
011435
011467
011506
011535
011567
011599
011639
011666
011698
011734
011775
011798
011835
011867
011905
011935
011966
011999
012039
012067
012099
012134
012175
012199
012234
012267
012305
012335
012367
012399
012440
012467
012499
012535
012575
012598
012635
012667
012705
012735
012767
012799
012839
012867
012899
012935
012975
012999
013035
013067
013105
013135
013167
013199
013239
013267
013299
013335
013375
013399
013435
013467
013505
013535
013567
013599
013639
013667
013699
013735
013775
013799
013834
013867
013908
013935
013967
013999
014039
014067
014099
014134
014175
014199
014235
014267
014305
014334
014367
014399
014439
014467
014499
014534
014575
014598
014634
014668
014709
014736
014767
014802
014844
014870
014901
014935
014975
014999
015035
015067
015105
015134
015167
015199
015239
015267
015299
015335
015375
015399
015435
015467
015505
015534
015567
015603
015641
015667
015703
015735
015775
015802
015835
015867
015907
015935
015967
016003
016041
016067
016103
016134
016175
016203
016235
016267
016305
016335
016367
016403
016441
016467
016503
016534
016575
016603
016635
016667
016707
016735
016767
016803
016841
016867
016903
016934
016975
017003
017035
017067
017105
017135
017167
017203
017241
017266
017303
017334
017375
017402
017434
017467
017505
017535
017567
017603
017641
017666
017703
017735
017775
017803
017835
017867
017905
017934
017967
018003
018041
018067
018103
018135
018175
018203
018234
018267
018305
018335
018367
018403
018444
018466
018503
018534
018576
018603
018635
018667
018708
018735
018767
018803
018841
018867
018903
018935
018975
019003
019034
019066
019106
019131
019166
019203
019243
019266
019303
019335
019375
019403
019435
019467
019505
019535
019567
019603
019641
019666
019703
019734
019775
019803
019835
019867
019905
019935
019967
020003
020041
020067
020103
020135
020175
020203
020236
020267
020308
020335
020367
020403
020441
020466
020503
020535
020575
020603
020635
020667
020705
020735
020767
020802
020841
020867
020903
020935
020975
021003
021035
021067
021105
021135
021167
021202
021241
021266
021298
021330
021371
021398
021434
021467
021505
021535
021567
021602
021641
021667
021703
021735
021775
021803
021834
021867
021907
021934
021967
022003
022041
022067
022103
022134
022175
022203
022234
022267
022305
022335
022367
022403
022444
022466
022503
022534
022575
022603
022635
022667
022705
022734
022767
022803
022844
022867
022902
022935
022975
023003
023035
023067
023108
023134
023166
023203
023241
023267
023303
023335
023375
023402
023435
023466
023506
023535
023567
023603
023644
023666
023702
023735
023775
023803
023835
023867
023905
023934
023966
024003
024041
024067
024102
024135
024176
024203
024234
024266
024305
024334
024367
024402
024441
024466
024502
024534
024575
024602
024634
024668
024711
024736
024768
024803
024843
024869
024903
024936
024976
025003
025035
025067
025106
025135
025167
025203
025241
025266
025302
025335
025375
025402
025434
025467
025505
025535
025567
025603
025641
025667
025703
025735
025775
025802
025835
025867
025908
025934
025966
026003
026041
026067
026102
026134
026175
026203
026234
026266
026306
026334
026366
026403
026441
026466
026502
026535
026575
026603
026634
026667
026707
026734
026767
026803
026841
026867
026903
026935
026975
027003
027035
027067
027105
027135
027166
027203
027241
027267
027303
027335
027375
027402
027434
027466
027506
027535
027567
027602
027641
027666
027702
027734
027775
027802
027834
027866
027905
027935
027966
028002
028042
028066
028102
028134
028175
028202
028235
028266
028305
028335
028366
028403
028441
028467
028502
028535
028575
028602
028635
028667
028705
028735
028766
028803
028844
028867
028902
028935
028975
029002
029035
029066
029105
029134
029167
029203
029242
029267
029302
029334
029375
029402
029434
029467
029507
029534
029566
029602
029642
029666
029703
029735
029775
029802
029834
029866
029905
029934
029966
030002
030042
030066
030102
030134
030175
030202
030234
030266
030305
030335
030366
030403
030441
030466
030502
030534
030576
030602
030634
030667
030706
030735
030766
030803
030841
030866
030903
030935
030976
031002
031034
031066
031105
031135
031166
031203
031241
031266
031303
031335
031376
031402
031434
031466
031505
031535
031566
031602
031641
031666
031702
031735
031775
031802
031835
031867
031905
031934
031966
032003
032042
032067
032102
032134
032175
032202
032234
032267
032305
032334
032366
032402
032442
032466
032502
032534
032575
032602
032634
032666
032706
032735
032766
032802
032841
032867
032902
033169
033208
033212
033216
033220
033260
033266
033302
033335
033375
033402
033434
033466
033505
033534
033566
033602
033642
033666
033702
033734
033776
033802
033834
033867
033908
033934
033966
034003
034041
034066
034103
034135
034175
034202
034234
034266
034306
034335
034366
034403
034443
034466
034502
034534
034575
034602
034634
034668
034709
034735
034768
034805
034847
034867
034902
034935
034976
035002
035034
035066
035105
035135
035167
035203
035241
035266
035302
035335
035375
035402
035434
035466
035506
035534
035570
035602
035642
035667
035703
035734
035775
035803
035834
035866
035906
035934
035970
036002
036042
036067
036102
036134
036175
036202
036234
036266
036306
036334
036370
036403
036444
036466
036502
036535
036575
036602
036634
036667
036705
036734
036770
036802
036842
036870
036902
036934
036975
037002
037035
037071
037109
037134
037170
037202
037242
037271
037302
037334
037375
037402
037434
037471
037511
037535
037570
037602
037641
037671
037703
037735
037776
037802
037834
037870
037910
038142
038147
038151
038192
038196
038202
038234
038276
038303
038335
038370
038409
038434
038471
038503
038541
038570
038603
038635
038675
038702
038734
038770
038809
038834
038870
038902
038941
038970
039003
039034
039075
039102
039134
039170
039210
039234
039270
039303
039341
039370
039402
039434
039476
039502
039534
039570
039610
039634
039666
039703
039741
039766
039803
039834
039876
039903
039934
039966
040005
040034
040066
040102
040142
040166
040202
040234
040275
040302
040334
040366
040405
040435
040466
040503
040541
040566
040602
040634
040675
040702
040734
040766
040805
040834
040866
040903
040941
040966
041002
041034
041076
041102
041134
041166
041205
041234
041266
041302
041341
041366
041402
041434
041475
041502
041534
041566
041606
041634
041666
041702
041741
041766
041802
041834
041875
041903
041934
041966
042005
042034
042066
042102
042141
042166
042202
042235
042275
042302
042334
042366
042406
042434
042467
042502
042542
042566
042602
042634
042675
042702
042734
042766
042806
042834
042866
042903
043007
043289
043294
043298
043340
043345
043350
043366
043405
043434
043466
043502
043542
043566
043602
043634
043676
043702
043734
043766
043804
043834
043866
043902
043944
043966
044002
044034
044075
044102
044134
044166
044205
044234
044266
044302
044341
044366
044403
044434
044475
044502
044534
044566
044605
044634
044668
044704
044744
044766
044804
044837
044880
044904
044937
044967
045008
045034
045066
045102
045142
045166
045203
045234
045276
045302
045334
045366
045406
045434
045467
045502
045541
045570
045602
045634
045676
045703
045735
045770
045810
045834
045870
045902
045942
045970
046002
046034
046075
046102
046134
046170
046209
046234
046270
046302
046341
046370
046402
046434
046475
046502
046534
046570
046609
046634
046670
046702
046742
046770
046802
046834
046876
046902
046935
046970
047009
047034
047070
047102
047142
047170
047202
047234
047275
047302
047334
047370
047409
047434
047470
047502
047542
047885
047890
047895
047935
047939
047944
047970
048009
048034
048070
048102
048141
048170
048202
048234
048275
048303
048335
048370
048409
048434
048470
048502
048542
048570
048602
048634
048676
048702
048734
048770
048809
048834
048866
048902
048941
048966
049002
049034
049075
049102
049134
049166
049205
049234
049266
049302
049341
049366
049403
049434
049475
049502
049534
049566
049606
049634
049666
049702
049742
049766
049802
049834
049876
049902
049934
049966
050005
050034
050066
050102
050141
050166
050202
050234
050275
050302
050334
050366
050406
050434
050466
050502
050541
050566
050602
050634
050675
050702
050734
050766
050805
050834
050866
050902
050941
050966
051002
051034
051075
051102
051134
051166
051206
051234
051266
051302
051342
051366
051403
051434
051475
051502
051534
051566
051605
051634
051666
051702
051741
051766
051802
051834
051875
051902
051934
051966
052005
052034
052066
052102
052141
052166
052202
052234
052275
052302
052334
052366
052405
052434
052466
052502
052541
052566
052602
052634
052675
052702
052734
052766
052805
052834
052866
052902
052941
052966
053002
053034
053075
053098
053134
053166
053205
053234
053266
053302
053341
053370
053402
053434
053476
053502
053534
053570
053609
053634
053670
053702
053741
053770
053802
053833
053875
053902
053934
053970
054009
054034
054070
054102
054141
054170
054202
054234
054275
054302
054334
054370
054410
054434
054470
054502
054541
054566
054598
054634
054675
054703
054736
054771
054814
054836
054871
054903
054944
054970
055003
055034
055075
055102
055134
055170
055209
055234
055270
055303
055341
055370
055402
055434
055475
055502
055534
055570
055609
055634
055670
055702
055742
055770
055802
055834
055875
055902
055934
055970
056010
056034
056070
056102
056141
056170
056202
056234
056276
056302
056334
056370
056410
056434
056470
056502
056541
056570
056602
056634
056675
056702
056734
056770
056809
056834
056870
056902
056940
056970
057002
057034
057075
057102
057134
057170
057209
057234
057270
057302
057341
057370
057402
057434
057476
057502
057534
057570
057609
057634
057670
057702
057741
057770
057802
057834
057875
057902
057934
057970
058009
058034
058070
058102
058141
058170
058202
058234
058275
058302
058334
058370
058409
058434
058470
058502
058541
058570
058602
058634
058676
058702
058734
058770
058809
058834
058870
058902
058942
058970
059002
059034
059076
059102
059134
059170
059209
059234
059270
059303
059344
059370
059402
059434
059475
059502
059534
059570
059609
059634
059670
059702
059741
059770
059802
059834
059875
059902
059934
059970
060009
060034
060070
060102
060141
060170
060202
060234
060275
060302
060334
060370
060410
060434
060470
060502
060541
060570
060602
060634
060675
060702
060734
060770
060809
060834
060870
060902
060941
060970
061002
061034
061075
061102
061134
061170
061210
061234
061270
061302
061341
061369
061402
061434
061476
061502
061534
061570
061610
061638
061670
061702
061741
061770
061802
061838
061879
061902
061934
061970
062009
062038
062070
062102
062142
062170
062202
062238
062279
062302
062338
062370
062410
062438
062470
062502
062541
062569
062602
062638
062679
062702
062738
062770
062809
062838
062870
062902
062941
062970
063002
063038
063080
063190
063195
063200
063240
063245
063270
063302
063342
063370
063402
063438
063480
063502
063538
063570
063610
063638
063670
063702
063742
063770
063802
063838
063879
063902
063938
063970
064010
064038
064070
064102
064142
064170
064202
064238
064279
064302
064338
064370
064410
064438
064470
064502
064541
064570
064602
064638
064679
064703
064738
064771
064811
064838
064870
064903
064941
064970
065002
065038
065079
065102
065138
065171
065210
065238
065270
065302
065341
065370
065402
065438
065480
065502
065538
065570
065609
065638
065670
065702
065742
065770
065802
065838
065879
065902
065938
065970
066009
066038
066070
066102
066142
066170
066202
066238
066280
066302
066338
066370
066409
066438
066470
066502
066541
066570
066602
066638
066680
066702
066738
066770
066810
066838
066870
066902
066941
066970
067002
067038
067079
067102
067134
067170
067209
067238
067270
067302
067341
067370
067402
067438
067480
067502
067534
067570
067609
067638
067670
067702
067741
067770
067802
067838
067879
067902
067934
067970
068009
068038
068147
068337
068379
068383
068387
068392
068431
068436
068470
068502
068541
068570
068602
068634
068675
068702
068733
068770
068809
068834
068870
068902
068941
068970
069002
069034
069076
069102
069134
069170
069209
069234
069270
069302
069341
069370
069402
069434
069476
069502
069534
069570
069610
069634
069670
069702
069741
069770
069802
069834
069876
069901
069934
069970
070009
070034
070070
070102
070141
070170
070202
070234
070276
070302
070334
070370
070409
070434
070470
070502
070541
070570
070602
070634
070676
070702
070734
070770
070809
070834
070870
070901
070941
070970
071002
071034
071075
071102
071134
071170
071209
071234
071270
071302
071341
071370
071402
071434
071475
071502
071534
071570
071609
071634
071670
071702
071741
071770
071802
071834
071875
071902
071933
071970
072009
072034
072070
072102
072141
072170
072202
072234
072275
072302
072334
072370
072409
072434
072470
072502
072541
072569
072602
072634
072675
072702
072734
072770
072809
072834
072869
072902
072942
072969
073001
073033
073075
073102
073134
073169
073401
073407
073411
073416
073455
073470
073502
073534
073575
073602
073634
073670
073709
073734
073769
073802
073841
073870
073902
073933
073975
074001
074034
074069
074109
074134
074170
074202
074241
074270
074302
074334
074375
074402
074434
074470
074509
074534
074570
074602
074641
074670
074701
074733
074775
074802
074835
074870
074911
074934
074970
075002
075041
075070
075102
075134
075176
075202
075234
075270
075309
075333
075370
075402
075441
075469
075502
075534
075576
075602
075634
075666
075705
075733
075765
075797
075839
075866
075901
075934
075975
076002
076034
076070
076109
076134
076170
076202
076241
076270
076302
076333
076375
076402
076434
076470
076509
076534
076569
076602
076641
076670
076702
076734
076775
076802
076833
076870
076910
076934
076970
077002
077041
077069
077102
077134
077176
077202
077233
077270
077310
077334
077666
077671
077710
077714
077718
077734
077776
077802
077833
077870
077909
077933
077970
078002
078041
078070
078101
078134
078175
078202
078234
078270
078309
078334
078370
078402
078441
078470
078502
078534
078576
078601
078633
078670
078709
078733
078769
078802
078842
078870
078901
078933
078975
079001
079033
079069
079109
079134
079169
079202
079242
079270
079302
079334
079375
079402
079434
079470
079509
079534
079570
079602
079641
079670
079702
079733
079775
079801
079833
079869
079909
079933
079970
080002
080042
080070
080102
080133
080175
080202
080233
080270
080310
080333
080370
080401
080442
080469
080502
080534
080575
080602
080633
080669
080709
080733
080770
080801
080842
080869
080902
080934
080975
081001
081033
081069
081110
081134
081169
081201
081241
081270
081302
081334
081375
081402
081433
081470
081509
081534
081570
081602
081641
081670
081701
081734
081775
081802
081834
081870
081909
081934
081969
082001
082041
082069
082102
082133
082175
082201
082233
082269
082309
082333
082370
082401
082441
082469
082502
082534
082575
082601
082634
082670
082709
082734
082769
082801
082841
082870
082901
082934
082975
083002
083034
083069
083110
083134
083170
083202
083241
083269
083302
083333
083376
083401
083434
083469
083510
083533
083569
083602
083641
083669
083701
083733
083775
083802
083833
083870
083909
083934
083969
084002
084041
084070
084102
084133
084175
084202
084234
084269
084309
084333
084370
084401
084442
084469
084501
084533
084575
084602
084634
084669
084709
084733
084770
084801
084843
084870
084902
084935
084975
085001
085034
085069
085109
085133
085169
085201
085241
085270
085301
085334
085375
085402
085434
085469
085509
085534
085569
085601
085641
085669
085702
085733
085775
085801
085833
085869
085909
085934
085970
086001
086041
086069
086101
086133
086175
086201
086233
086269
086309
086333
086369
086401
086441
086469
086501
086534
086575
086601
086633
086669
086709
086734
086769
086802
086842
086869
086901
086934
086975
087001
087033
087069
087109
087133
087169
087201
087241
087269
087301
087333
087375
087401
087434
087469
087509
087533
087569
087601
087641
087669
087701
087733
087775
087801
087833
087869
087909
087933
087970
088002
088041
088070
088101
088134
088175
088202
088238
088270
088309
088338
088369
088402
088441
088469
088501
088538
088579
088601
088637
088670
088709
088737
088770
088801
088842
088869
088901
088934
088976
089002
089033
089069
089109
089134
089170
089201
089242
089269
089301
089334
089375
089402
089434
089469
089510
089533
089569
089602
089641
089670
089702
089734
089775
089801
089833
089869
089910
089933
089970
090001
090041
090069
090101
090134
090175
090201
090233
090269
090309
090333
090369
090401
090441
090469
090501
090533
090575
090601
090634
090669
090709
090733
090769
090801
090841
090869
090901
090933
090975
091002
091038
091069
091109
091133
091170
091201
091241
091270
091302
091334
091375
091402
091437
091469
091509
091533
091569
091601
091640
091669
091701
091734
091775
091801
091838
091869
091910
091933
091969
092001
092042
092069
092101
092133
092175
092201
092233
092269
092309
092333
092369
092401
092442
092469
092502
092533
092575
092601
092633
092670
092709
092733
092769
092801
092841
092869
092902
092934
092975
093001
093033
093069
093108
093133
093170
093202
093241
093269
093301
093333
093376
093402
093437
093469
093510
093538
093569
093601
093641
093669
093701
093737
093779
093802
093837
093869
093910
093934
093969
094001
094041
094069
094101
094134
094176
094201
094237
094269
094307
094334
094369
094401
094441
094469
094501
094533
094575
094601
094637
094669
094706
094734
094769
094802
094841
094870
094901
094938
094978
095001
095037
095070
095109
095133
095169
095201
095241
095269
095301
095333
095375
095401
095437
095469
095509
095537
095569
095601
095641
095669
095702
095737
095779
095801
095837
095869
095909
095937
095969
096002
096042
096069
096101
096137
096180
096202
096237
096270
096309
096337
096369
096401
096441
096469
096501
096533
096575
096601
096637
096669
096709
096733
096769
096801
096841
096869
096901
096933
096976
097001
097033
097069
097109
097133
097169
097201
097242
097269
097302
097333
097375
097401
097433
097469
097509
097534
097570
097601
097641
097669
097701
097733
097774
097801
097837
097869
097910
097937
097969
098001
098041
098069
098101
098138
098179
098201
098237
098327
098367
098372
098377
098401
098441
098469
098501
098533
098575
098601
098633
098669
098707
098733
098769
098801
098841
098869
098901
098933
098975
099001
099033
099069
099107
099133
099169
099201
099242
099269
099301
099333
099375
099401
099433
099469
099509
099533
099569
099601
099642
099669
099701
099733
099776
099801
099833
099869
099910
099933
099969
100001
100042
100069
100101
100133
100175
100201
100237
100269
100310
100337
100369
100401
100439
100469
100501
100537
100579
100601
100637
100669
100709
100733
100769
100801
100841
100869
100901
100933
100976
101001
101037
101069
101110
101133
101169
101201
101242
101269
101301
101333
101376
101401
101434
101469
101509
101533
101569
101601
101641
101669
101701
101733
101775
101801
101833
101869
101907
101933
101969
102001
102041
102070
102101
102133
102175
102201
102233
102269
102309
102333
102369
102401
102441
102469
102501
102533
102575
102601
102637
102669
102707
102737
102769
102801
102841
102869
102901
102937
102975
103001
103037
103069
103109
103137
103169
103201
103508
103764
103768
103773
103812
103817
103833
103869
103909
103933
103969
104001
104041
104069
104101
104133
104176
104201
104237
104269
104309
104333
104369
104401
104441
104469
104501
104533
104575
104601
104637
104669
104706
104734
104770
104801
104842
104871
104901
104934
104976
105001
105037
105069
105107
105137
105169
105201
105241
105269
105302
105338
105379
105401
105437
105469
105510
105537
105569
105601
105641
105669
105701
105737
105779
105801
105837
105869
105910
105937
105969
106001
106041
106069
106101
106133
106171
106201
106233
106265
106303
106333
106365
106401
106439
106465
106501
106533
106571
106601
106633
106665
106703
106733
106765
106801
106839
106869
106901
106934
106975
107001
107100
107104
107143
107147
107165
107201
107239
107265
107301
107333
107375
107401
107433
107465
107503
107533
107565
107601
